133 150
133 20
132 146
132 153
132 27
131 150
131 65
131 113
131 134
131 20
131 43
131 1
131 0
131 2
131 5
131 7
131 6
131 8
131 147
131 142
131 120
131 75
131 123
131 127
131 128
131 105
131 11
131 59
131 16
131 30
130 151
130 147
130 13
130 145
130 142
130 120
130 152
130 110
130 113
130 127
130 90
130 100
130 92
130 95
130 107
130 105
137 11
137 151
137 20
137 16
137 57
137 28
137 36
137 113
137 9
137 90
136 80
136 88
135 86
134 147
134 20
134 142
134 128
134 8
139 12
138 3
138 37
138 144
24 1
24 120
24 89
24 86
24 40
25 147
25 22
25 33
25 62
25 73
25 100
26 27
26 17
26 19
26 120
26 123
26 65
26 91
27 146
27 19
27 153
27 120
27 116
27 65
27 91
27 93
20 150
20 65
20 90
20 21
20 43
20 1
20 0
20 3
20 5
20 9
20 8
20 120
20 71
20 91
20 103
20 95
20 105
20 11
20 12
20 18
20 37
20 36
20 32
21 13
21 18
21 31
21 36
21 120
21 90
21 8
21 105
22 147
22 33
22 47
22 128
22 2
22 73
22 65
22 127
22 102
23 58
23 65
23 113
23 81
23 46
23 29
23 1
23 0
23 7
23 6
23 8
23 147
23 120
23 75
23 124
23 105
23 39
23 38
23 15
23 14
23 57
23 73
28 11
28 36
28 105
29 38
29 75
29 73
29 65
29 81
29 94
0 117
0 67
0 82
0 48
0 43
0 1
0 3
0 2
0 7
0 8
0 148
0 120
0 75
0 73
0 102
0 103
0 104
0 105
0 59
0 32
0 57
0 37
4 37
4 43
4 120
4 114
4 3
4 70
4 85
8 152
8 114
8 111
8 43
8 1
8 3
8 2
8 5
8 7
8 6
8 128
8 147
8 141
8 120
8 75
8 38
8 73
8 91
8 93
8 92
8 105
8 13
8 12
8 59
8 58
8 18
8 57
8 56
8 36
119 100
119 145
119 152
120 151
120 150
120 56
120 127
120 112
120 115
120 114
120 117
120 116
120 111
120 49
120 113
120 103
120 68
120 69
120 80
120 152
120 118
120 85
120 108
120 44
120 42
120 43
120 41
120 1
120 3
120 2
120 5
120 7
120 6
120 9
120 105
120 147
120 145
120 142
120 76
120 75
120 38
120 73
120 72
120 71
120 70
120 91
120 90
120 93
120 92
120 95
120 58
120 11
120 12
120 59
120 14
120 16
120 55
120 32
120 31
120 30
120 37
120 36
120 74
120 101
120 57
120 65
121 115
121 49
122 98
122 84
123 11
123 152
123 19
123 57
123 45
123 37
123 43
123 73
123 91
123 83
123 80
125 81
125 94
126 9
126 117
126 109
126 104
127 147
127 39
127 152
127 16
127 57
127 43
127 76
127 116
127 73
127 113
127 91
128 2
129 36
118 11
118 103
118 115
118 49
59 1
59 2
59 91
59 105
58 38
58 14
58 56
58 57
58 30
58 41
58 75
58 73
58 7
58 6
58 91
58 80
58 111
58 105
55 18
55 113
55 90
54 47
57 152
57 60
57 114
57 65
57 113
57 103
57 83
57 48
57 45
57 42
57 43
57 7
57 6
57 105
57 73
57 91
57 90
57 95
57 14
57 16
57 56
57 37
57 36
56 154
56 105
51 48
50 10
50 64
50 65
53 40
52 142
52 73
52 6
52 80
52 92
52 95
52 107
115 49
114 37
114 43
114 83
88 145
88 73
88 113
88 91
88 83
88 80
88 92
88 95
88 105
111 38
111 30
111 113
111 75
111 12
111 116
111 7
111 91
111 80
111 92
111 152
111 105
110 147
110 145
110 152
110 62
110 113
110 100
110 92
110 95
110 107
110 79
110 105
113 151
113 116
113 65
113 103
113 83
113 80
113 101
113 42
113 43
113 2
113 5
113 7
113 6
113 76
113 75
113 73
113 72
113 91
113 90
113 92
113 95
113 105
113 39
113 16
113 37
113 36
112 49
82 105
82 43
82 96
83 152
83 37
83 43
83 73
83 91
83 80
83 92
83 95
83 105
80 152
80 1
80 75
80 73
80 6
80 91
80 92
80 95
80 90
80 105
81 94
86 40
87 12
84 33
84 98
84 152
84 143
85 105
85 43
3 48
3 32
3 44
3 37
3 43
3 75
3 103
3 9
3 105
7 151
7 116
7 43
7 1
7 2
7 5
7 6
7 140
7 75
7 73
7 91
7 105
7 38
7 14
7 30
108 16
109 104
102 10
102 147
102 1
102 2
102 65
103 65
103 67
103 49
103 42
103 1
103 2
103 5
103 75
103 73
103 91
103 95
103 107
103 105
103 11
103 38
103 14
103 18
103 37
103 36
100 145
100 147
100 152
100 62
100 73
100 92
100 95
100 79
100 105
101 151
101 147
101 152
101 37
101 43
101 117
101 2
101 65
101 91
101 90
101 93
101 95
101 74
101 105
106 72
106 78
107 12
107 142
107 36
107 6
107 91
107 92
107 152
107 105
104 32
104 117
104 9
105 42
105 62
105 116
105 65
105 67
105 152
105 45
105 43
105 1
105 5
105 6
105 9
105 147
105 75
105 38
105 73
105 91
105 93
105 92
105 95
105 79
105 11
105 13
105 12
105 15
105 14
105 16
105 19
105 18
105 31
105 30
105 37
105 36
105 34
105 90
39 15
39 14
39 34
39 73
39 65
39 91
38 14
38 30
38 41
38 75
38 65
38 91
33 152
33 147
33 62
33 73
32 91
32 150
32 37
32 36
32 117
32 71
32 9
32 90
31 36
30 75
37 150
37 36
37 117
37 43
37 90
37 95
36 65
36 42
36 1
36 2
36 5
36 6
36 9
36 147
36 91
36 90
36 92
36 95
36 11
36 13
36 12
36 16
36 18
36 35
35 9
35 90
35 65
34 15
34 14
34 65
60 97
61 11
62 152
62 147
62 73
62 92
62 79
63 1
63 5
65 66
65 45
65 43
65 2
65 6
65 74
65 73
65 91
65 90
65 93
65 10
65 17
65 19
66 91
66 17
67 1
67 91
68 75
68 6
69 44
69 75
2 92
2 43
2 1
2 5
2 6
2 147
2 75
2 74
2 73
2 91
2 10
6 43
6 1
6 5
6 75
6 73
6 91
6 92
6 95
6 14
99 18
99 12
99 149
98 143
91 152
91 116
91 1
91 9
91 147
91 75
91 74
91 73
91 71
91 90
91 93
91 92
91 95
91 11
91 17
91 16
91 19
90 151
90 43
90 9
90 73
90 71
90 95
90 13
90 18
93 10
93 147
93 19
93 116
92 152
92 156
92 1
92 5
92 147
92 145
92 73
92 95
92 13
92 12
95 45
95 42
95 43
95 147
95 73
95 11
95 16
96 155
11 49
11 16
11 9
10 17
10 19
10 75
10 73
13 147
13 18
12 152
12 147
12 18
12 149
15 14
15 75
14 75
17 19
17 73
16 49
16 42
16 76
16 72
19 73
117 9
150 147
150 43
150 71
153 146
152 147
152 145
152 73
152 79
47 73
44 75
44 71
44 9
45 43
43 5
43 73
1 5
1 75
1 73
5 75
9 71
147 142
147 73
145 142
77 70
75 71
72 78
